epoch:0 0.0480  0.1609  0.0122  0.0000  0.0056  0.0662  0.0939  0.1707  0.1725  0.0000  0.0203  0.2323  0.8465  0.005000
epoch:1 0.0660  0.2060  0.0199  0.0010  0.0182  0.0928  0.1238  0.2319  0.2383  0.0054  0.0791  0.3050  0.6440  0.005000
epoch:2 0.0971  0.2750  0.0372  0.0003  0.0248  0.1311  0.1571  0.2377  0.2429  0.0045  0.0797  0.3118  0.6024  0.005000
epoch:3 0.1137  0.3132  0.0505  0.0010  0.0376  0.1476  0.1633  0.2405  0.2433  0.0033  0.0931  0.3082  0.5799  0.005000
epoch:4 0.1263  0.3391  0.0585  0.0009  0.0481  0.1671  0.1870  0.3057  0.3155  0.0143  0.1616  0.3879  0.5645  0.005000
epoch:5 0.2088  0.4843  0.1363  0.0133  0.1017  0.2583  0.2568  0.3685  0.3777  0.0476  0.2247  0.4501  0.5040  0.005000
epoch:6 0.2301  0.5322  0.1518  0.0236  0.1210  0.2786  0.2692  0.3725  0.3786  0.0646  0.2337  0.4437  0.4491  0.005000
epoch:7 0.2629  0.5668  0.1959  0.0266  0.1562  0.3150  0.2958  0.4121  0.4184  0.0903  0.2702  0.4868  0.4232  0.005000
epoch:8 0.3078  0.6233  0.2641  0.0419  0.1869  0.3659  0.3237  0.4431  0.4499  0.1063  0.3113  0.5159  0.3835  0.001650
epoch:9 0.3082  0.6253  0.2672  0.0580  0.1875  0.3640  0.3196  0.4428  0.4497  0.1241  0.3132  0.5156  0.3736  0.001650
epoch:10 0.3253  0.6356  0.2943  0.0483  0.2058  0.3842  0.3328  0.4532  0.4594  0.1158  0.3215  0.5278  0.3624  0.001650
epoch:11 0.3377  0.6460  0.3179  0.0488  0.2104  0.3978  0.3409  0.4688  0.4764  0.1371  0.3353  0.5426  0.3457  0.000545
epoch:12 0.3414  0.6510  0.3298  0.0527  0.2141  0.4010  0.3435  0.4660  0.4724  0.1412  0.3277  0.5401  0.3420  0.000545
epoch:13 0.3407  0.6541  0.3128  0.0590  0.2112  0.4001  0.3432  0.4674  0.4730  0.1373  0.3313  0.5391  0.3377  0.000545
epoch:14 0.3457  0.6538  0.3320  0.0466  0.2183  0.4052  0.3463  0.4706  0.4776  0.1277  0.3385  0.5447  0.3323  0.000180
epoch:15 0.3445  0.6523  0.3321  0.0547  0.2187  0.4045  0.3457  0.4727  0.4798  0.1336  0.3430  0.5460  0.3302  0.000180
epoch:16 0.3461  0.6538  0.3352  0.0595  0.2187  0.4064  0.3476  0.4729  0.4806  0.1464  0.3426  0.5474  0.3297  0.000180
epoch:17 0.3472  0.6566  0.3332  0.0600  0.2179  0.4081  0.3476  0.4708  0.4771  0.1269  0.3325  0.5448  0.3257  0.000059
epoch:18 0.3480  0.6561  0.3359  0.0530  0.2175  0.4092  0.3476  0.4749  0.4815  0.1398  0.3433  0.5482  0.3260  0.000059
epoch:19 0.3487  0.6567  0.3390  0.0549  0.2176  0.4104  0.3472  0.4722  0.4784  0.1337  0.3358  0.5455  0.3249  0.000059
epoch:20 0.3495  0.6579  0.3405  0.0544  0.2207  0.4107  0.3482  0.4757  0.4826  0.1467  0.3403  0.5498  0.3240  0.000020
