epoch:0 0.3449  0.6534  0.3338  0.1416  0.2838  0.3806  0.3479  0.5190  0.5289  0.3179  0.4612  0.5583  0.4816  0.010000
epoch:1 0.3901  0.7084  0.3865  0.1699  0.3003  0.4288  0.3721  0.5481  0.5591  0.3235  0.4766  0.5911  0.3435  0.010000
epoch:2 0.4045  0.7192  0.4131  0.1849  0.3225  0.4440  0.3853  0.5557  0.5632  0.3350  0.4847  0.5987  0.3032  0.010000
epoch:3 0.4899  0.7794  0.5394  0.1993  0.3800  0.5373  0.4315  0.6177  0.6255  0.3590  0.5215  0.6689  0.2370  0.003300
epoch:4 0.4925  0.7810  0.5471  0.1850  0.3889  0.5407  0.4326  0.6164  0.6246  0.3534  0.5307  0.6684  0.2131  0.003300
epoch:5 0.4894  0.7823  0.5420  0.2075  0.3828  0.5368  0.4297  0.6098  0.6167  0.3367  0.5149  0.6611  0.1988  0.003300
epoch:6 0.5068  0.7885  0.5623  0.1973  0.3986  0.5584  0.4402  0.6233  0.6302  0.3358  0.5313  0.6764  0.1740  0.001089
epoch:7 0.5056  0.7869  0.5608  0.1990  0.3968  0.5563  0.4397  0.6196  0.6262  0.3416  0.5213  0.6717  0.1662  0.001089
epoch:8 0.5075  0.7875  0.5661  0.1809  0.3904  0.5614  0.4422  0.6155  0.6212  0.3064  0.5050  0.6724  0.1599  0.001089
epoch:9 0.5114  0.7862  0.5700  0.1899  0.3943  0.5661  0.4447  0.6180  0.6232  0.3187  0.5091  0.6742  0.1504  0.000359
epoch:10 0.5098  0.7852  0.5668  0.1901  0.3938  0.5642  0.4421  0.6170  0.6222  0.3218  0.5066  0.6728  0.1483  0.000359
epoch:11 0.5104  0.7836  0.5694  0.1895  0.3932  0.5644  0.4434  0.6181  0.6228  0.3112  0.5066  0.6723  0.1459  0.000359
epoch:12 0.5098  0.7830  0.5676  0.1891  0.3918  0.5653  0.4434  0.6156  0.6206  0.3170  0.5027  0.6727  0.1433  0.000119
epoch:13 0.5103  0.7838  0.5664  0.1913  0.3909  0.5661  0.4416  0.6159  0.6207  0.3087  0.5018  0.6731  0.1423  0.000119
epoch:14 0.5106  0.7837  0.5661  0.1880  0.3912  0.5659  0.4423  0.6155  0.6205  0.3110  0.5003  0.6728  0.1420  0.000119
