epoch:0 0.2129  0.3559  0.2221  0.1067  0.1869  0.2346  0.3504  0.5369  0.5554  0.2995  0.4626  0.5953  0.8863  0.005000
epoch:1 0.3840  0.6040  0.4178  0.1537  0.2692  0.4295  0.4106  0.5986  0.6179  0.3320  0.5090  0.6632  0.6073  0.005000
epoch:2 0.3965  0.6304  0.4228  0.1553  0.2879  0.4370  0.3982  0.5844  0.6045  0.3564  0.5095  0.6439  0.5179  0.005000
epoch:3 0.5114  0.7504  0.5567  0.1893  0.3703  0.5675  0.4621  0.6593  0.6771  0.3952  0.5787  0.7229  0.3610  0.001650
epoch:4 0.5140  0.7576  0.5594  0.2088  0.3832  0.5688  0.4608  0.6585  0.6775  0.3902  0.5744  0.7234  0.3063  0.001650
epoch:5 0.5276  0.7667  0.5762  0.2193  0.3860  0.5865  0.4671  0.6649  0.6819  0.3791  0.5753  0.7305  0.2750  0.001650
epoch:6 0.5391  0.7764  0.5850  0.2030  0.3946  0.5985  0.4732  0.6710  0.6865  0.3782  0.5850  0.7358  0.2322  0.000545
epoch:7 0.5393  0.7781  0.5858  0.2004  0.3951  0.5997  0.4731  0.6676  0.6834  0.3656  0.5779  0.7344  0.2160  0.000545
epoch:8 0.5393  0.7789  0.5880  0.2083  0.3967  0.5993  0.4729  0.6666  0.6816  0.3795  0.5714  0.7315  0.2049  0.000545
epoch:9 0.5440  0.7809  0.5883  0.2111  0.3963  0.6053  0.4753  0.6674  0.6827  0.3660  0.5700  0.7346  0.1917  0.000180
epoch:10 0.5430  0.7812  0.5891  0.2090  0.3971  0.6034  0.4750  0.6674  0.6818  0.3755  0.5703  0.7329  0.1871  0.000180
epoch:11 0.5449  0.7815  0.5938  0.2095  0.3993  0.6063  0.4758  0.6684  0.6828  0.3574  0.5711  0.7346  0.1841  0.000180
epoch:12 0.5447  0.7821  0.5934  0.2081  0.3988  0.6056  0.4753  0.6678  0.6824  0.3666  0.5687  0.7343  0.1800  0.000059
epoch:13 0.5440  0.7811  0.5913  0.2076  0.3975  0.6053  0.4753  0.6659  0.6806  0.3636  0.5670  0.7328  0.1785  0.000059
epoch:14 0.5446  0.7804  0.5912  0.2036  0.3984  0.6066  0.4757  0.6673  0.6825  0.3615  0.5741  0.7338  0.1773  0.000059
